Time;Policy;Finalization Status;CPU core Energy;Transfer Energy;CPU core Time;Transfer Time;Cost
193496;POLICY2_MEC;TASK_CONCLUDED;14601;758468;15890;173003;656234
222894;POLICY2_MEC;TASK_CONCLUDED;15575;809052;16950;184541;700000
229270;POLICY2_MEC;TASK_CONCLUDED;16877;876733;18368;199979;758558
260959;POLICY2_MEC;TASK_CONCLUDED;19715;1024111;21456;233595;886071
265932;POLICY2_MEC;TASK_CONCLUDED;20339;1056550;22136;240994;914138
267264;POLICY2_MEC;TASK_CONCLUDED;44324;1088249;11400;248225;957983
311853;POLICY2_MEC;TASK_CONCLUDED;23155;1202800;25200;274353;1040675
312371;POLICY2_MEC;TASK_CONCLUDED;23893;1241138;26003;283098;1073845
314529;POLICY2_MEC;TASK_CONCLUDED;22667;1177464;24669;268574;1018754
343641;POLICY2_MEC;TASK_CONCLUDED;26198;1360856;28512;310405;1177427
392627;POLICY2_MEC;TASK_CONCLUDED;29980;1557332;32628;355221;1347420
415693;POLICY2_MEC;TASK_CONCLUDED;30539;1586353;33236;361840;1372529
423275;POLICY2_MEC;TASK_CONCLUDED;14877;772829;16191;176279;668660
426711;POLICY2_MEC;TASK_CONCLUDED;31926;1658406;34746;378275;1434870
432047;POLICY2_MEC;TASK_CONCLUDED;32429;1684545;35294;384238;1457486
436652;POLICY3_CLOUD;TASK_CONCLUDED;51304;1209627;3704;301122;1069710
441981;POLICY3_CLOUD;TASK_CONCLUDED;51102;1204873;3689;299939;1065506
442134;POLICY2_MEC;TASK_CONCLUDED;37407;918448;9621;209494;808508
449486;POLICY2_MEC;TASK_CONCLUDED;34342;1783873;37375;406894;1543426
451941;POLICY2_MEC;TASK_CONCLUDED;73228;1797877;18834;410088;1582669
458458;POLICY3_CLOUD;TASK_CONCLUDED;52899;1247240;3819;310485;1102972
462241;POLICY2_MEC;TASK_CONCLUDED;35188;1827826;38296;416919;1581455
464205;POLICY2_MEC;TASK_CONCLUDED;34819;1808640;37894;412543;1564855
465205;POLICY2_MEC;TASK_CONCLUDED;35456;1841747;38588;420095;1593499
470381;POLICY3_CLOUD;TASK_CONCLUDED;88854;1664483;3659;414353;1486272
473813;POLICY3_CLOUD;TASK_CONCLUDED;68326;1279958;2814;318630;1142917
481054;POLICY2_MEC;TASK_CONCLUDED;36309;1886071;39516;430205;1631848
483054;POLICY3_CLOUD;TASK_CONCLUDED;59286;1397813;4280;347969;1236130
484798;POLICY3_CLOUD;TASK_CONCLUDED;59881;1411847;4323;351462;1248540
488117;POLICY3_CLOUD;TASK_CONCLUDED;87686;1642598;3611;408905;1466731
490863;POLICY3_CLOUD;TASK_CONCLUDED;49803;1174239;3595;292313;1038415
492265;POLICY3_CLOUD;TASK_CONCLUDED;58507;1379459;4224;343400;1219898
500379;POLICY3_CLOUD;TASK_CONCLUDED;58043;1368517;4190;340676;1210222
503718;POLICY3_CLOUD;TASK_CONCLUDED;61393;1447492;4432;360336;1280062
503759;POLICY2_MEC;TASK_CONCLUDED;18752;974093;20408;222186;842795
506313;POLICY3_CLOUD;TASK_CONCLUDED;62260;1467941;4495;365426;1298146
516856;POLICY3_CLOUD;TASK_CONCLUDED;96641;1810332;3980;450661;1616507
524238;POLICY3_CLOUD;TASK_CONCLUDED;50321;1186456;3633;295354;1049219
538900;POLICY3_CLOUD;TASK_CONCLUDED;69041;1627796;4984;405220;1439511
541219;POLICY2_MEC;TASK_CONCLUDED;21147;1098493;23015;250561;950428
543238;POLICY2_MEC;TASK_CONCLUDED;17834;926427;19409;211314;801554
555525;POLICY3_CLOUD;TASK_CONCLUDED;56367;1329000;4069;330839;1175276
556179;POLICY2_MEC;TASK_CONCLUDED;22416;1164405;24396;265596;1007456
564611;POLICY3_CLOUD;TASK_CONCLUDED;53741;1267095;3880;315428;1120531
570862;POLICY3_CLOUD;TASK_CONCLUDED;63423;1495362;4579;372252;1322395
579350;POLICY3_CLOUD;TASK_CONCLUDED;73828;1740669;5330;433319;1539328
582423;POLICY3_CLOUD;TASK_CONCLUDED;49711;1172080;3589;291775;1036506
585515;POLICY3_CLOUD;TASK_CONCLUDED;60456;1425403;4365;354837;1260528
586907;POLICY3_CLOUD;TASK_CONCLUDED;75421;1778210;5445;442664;1572527
587483;POLICY3_CLOUD;TASK_CONCLUDED;72951;1719987;5267;428170;1521038
588979;POLICY2_MEC;TASK_CONCLUDED;30549;1586880;33247;361960;1372985
591137;POLICY3_CLOUD;TASK_CONCLUDED;77328;1823166;5583;453855;1612283
591757;POLICY3_CLOUD;TASK_CONCLUDED;67756;1597496;4892;397678;1412716
592931;POLICY3_CLOUD;TASK_CONCLUDED;58528;1379938;4225;343519;1220322
594669;POLICY2_MEC;TASK_CONCLUDED;15529;806666;16900;183997;697935
598133;POLICY3_CLOUD;TASK_CONCLUDED;72523;1709899;5236;425659;1512117
608424;POLICY3_CLOUD;TASK_CONCLUDED;74752;1762446;5397;438740;1558586
608703;POLICY3_CLOUD;TASK_CONCLUDED;57260;1350047;4134;336078;1193888
611028;POLICY3_CLOUD;TASK_CONCLUDED;70183;1654732;5067;411926;1463331
619052;POLICY3_CLOUD;TASK_CONCLUDED;75270;1774655;5434;441779;1569383
620168;POLICY3_CLOUD;TASK_CONCLUDED;58278;1374045;4207;342052;1215110
625000;POLICY3_CLOUD;TASK_CONCLUDED;75923;1790044;5481;445610;1582992
626133;POLICY2_MEC;TASK_CONCLUDED;12510;649866;13615;148231;562270
628002;POLICY3_CLOUD;TASK_CONCLUDED;81262;1915930;5867;476948;1694318
631035;POLICY3_CLOUD;TASK_CONCLUDED;99655;1866793;4104;464716;1666922
632623;POLICY3_CLOUD;TASK_CONCLUDED;61122;1441097;4413;358744;1274406
638228;POLICY3_CLOUD;TASK_CONCLUDED;52676;1241970;3803;309174;1098313
638438;POLICY2_MEC;TASK_CONCLUDED;16556;860028;18018;196168;744104
639890;POLICY3_CLOUD;TASK_CONCLUDED;55298;1303800;3992;324565;1152990
640098;POLICY3_CLOUD;TASK_CONCLUDED;65750;1550215;4747;385908;1370904
642835;POLICY3_CLOUD;TASK_CONCLUDED;83043;1957906;5995;487397;1731438
650786;POLICY3_CLOUD;TASK_CANCELED;123747;2318085;5096;577060;2069898
651407;POLICY3_CLOUD;TASK_CONCLUDED;52588;1239909;3797;308660;1096489
655712;POLICY2_MEC;TASK_CONCLUDED;15729;817066;17118;186369;706934
657246;POLICY3_CLOUD;TASK_CONCLUDED;74852;1764804;5404;439327;1560672
658167;POLICY2_MEC;TASK_CONCLUDED;26092;1355367;28397;309153;1172678
658203;POLICY3_CLOUD;TASK_CONCLUDED;51246;1208266;3700;300783;1068506
658501;POLICY3_CLOUD;TASK_CONCLUDED;79021;1863084;5705;463793;1647584
661236;POLICY3_CLOUD;TASK_CANCELED;109952;2059682;4528;512733;1839160
661843;POLICY3_CLOUD;TASK_CONCLUDED;63232;1490843;4565;371128;1318399
664237;POLICY3_CLOUD;TASK_CONCLUDED;76228;1797239;5503;447401;1589354
668534;POLICY3_CLOUD;TASK_CONCLUDED;50499;1190648;3646;296397;1052926
669025;POLICY3_CLOUD;TASK_CONCLUDED;85071;2005715;6142;499299;1773717
672129;POLICY3_CLOUD;TASK_CONCLUDED;79489;1489054;3273;370682;1329625
672583;POLICY3_CLOUD;TASK_CANCELED;133622;2503051;5503;623105;2235060
673644;POLICY3_CLOUD;TASK_CONCLUDED;56585;1334129;4085;332115;1179811
674542;POLICY3_CLOUD;TASK_CONCLUDED;78687;1855220;5681;461835;1640629
674667;POLICY3_CLOUD;TASK_CONCLUDED;66477;1567351;4799;390173;1386057
674714;POLICY3_CLOUD;TASK_CONCLUDED;54556;1286293;3939;320207;1137508
675645;POLICY3_CLOUD;TASK_CONCLUDED;52929;1247936;3821;310659;1103588
677483;POLICY3_CLOUD;TASK_CONCLUDED;69374;1635658;5009;407178;1446464
678231;POLICY3_CLOUD;TASK_CONCLUDED;87067;1630994;3585;406016;1456369
679668;POLICY3_CLOUD;TASK_CONCLUDED;83064;1958402;5997;487521;1731877
681499;POLICY3_CLOUD;TASK_CONCLUDED;100726;1886863;4148;469712;1684843
687645;POLICY3_CLOUD;TASK_CONCLUDED;52766;1244102;3809;309704;1100197
687832;POLICY3_CLOUD;TASK_CONCLUDED;54285;1279907;3919;318617;1131861
690043;POLICY3_CLOUD;TASK_CONCLUDED;74107;1747231;5350;434952;1545131
690853;POLICY3_CLOUD;TASK_CONCLUDED;56440;1330713;4075;331265;1176791
693689;POLICY3_CLOUD;TASK_CONCLUDED;88934;2096796;6421;521972;1854263
694011;POLICY3_CLOUD;TASK_CONCLUDED;59326;1398767;4283;348206;1236973
697871;POLICY3_CLOUD;TASK_CONCLUDED;94326;2223913;6810;553617;1966677
706307;POLICY2_MEC;TASK_CONCLUDED;28021;1455541;30496;332003;1259350
707735;POLICY3_CLOUD;TASK_CANCELED;110240;2065079;4540;514077;1843980
710647;POLICY3_CLOUD;TASK_CONCLUDED;90724;2138991;6550;532476;1891577
712421;POLICY2_MEC;TASK_CONCLUDED;19234;999160;20933;227904;864483
714020;POLICY3_CLOUD;TASK_CONCLUDED;98441;2320926;7107;577767;2052468
714556;POLICY3_CLOUD;TASK_CONCLUDED;54304;1280362;3920;318731;1132263
716113;POLICY3_CLOUD;TASK_CANCELED;116377;2180021;4793;542690;1946615
723873;POLICY3_CLOUD;TASK_CONCLUDED;81718;1926664;5900;479620;1703810
724779;POLICY3_CLOUD;TASK_CONCLUDED;101075;2383041;7297;593230;2107399
726506;POLICY3_CLOUD;TASK_CANCELED;131551;2464262;5418;613449;2200424
731834;POLICY3_CLOUD;TASK_CONCLUDED;93017;2193056;6716;545935;1939389
734140;POLICY3_CLOUD;TASK_CONCLUDED;63436;1495665;4580;372328;1322663
735929;POLICY3_CLOUD;TASK_CONCLUDED;64580;1522637;4662;379042;1346515
738168;POLICY2_MEC;TASK_CONCLUDED;19821;1029643;21572;234857;890858
740738;POLICY3_CLOUD;TASK_CANCELED;138514;2594684;5704;645916;2316882
740824;POLICY2_MEC;TASK_CONCLUDED;21298;1106328;23179;252349;957207
742277;POLICY3_CLOUD;TASK_CONCLUDED;69609;1641197;5025;408556;1451361
745474;POLICY3_CLOUD;TASK_CONCLUDED;100732;2374938;7273;591213;2100233
746093;POLICY3_CLOUD;TASK_CONCLUDED;91109;2148072;6578;534737;1899608
747518;POLICY3_CLOUD;TASK_CANCELED;130466;2443932;5373;608388;2182271
748650;POLICY3_CLOUD;TASK_CONCLUDED;83259;1962997;6011;488665;1735940
749196;POLICY3_CLOUD;TASK_CONCLUDED;56665;1336035;4091;332590;1181497
751331;POLICY3_CLOUD;TASK_CONCLUDED;102253;2410805;7382;600141;2131951
752711;POLICY3_CLOUD;TASK_CONCLUDED;85653;2019454;6184;502719;1785867
753011;POLICY3_CLOUD;TASK_CANCELED;152891;2863993;6297;712957;2557358
757246;POLICY2_MEC;TASK_CONCLUDED;24228;1258550;26368;287070;1088911
759332;POLICY3_CLOUD;TASK_CONCLUDED;52156;1229719;3765;306124;1087478
759394;POLICY3_CLOUD;TASK_CONCLUDED;91835;2165181;6630;538996;1914738
760020;POLICY3_CLOUD;TASK_CONCLUDED;93160;2196417;6726;546772;1942361
762458;POLICY3_CLOUD;TASK_CONCLUDED;68156;1606937;4921;400028;1421065
762981;POLICY3_CLOUD;TASK_CONCLUDED;54637;1288210;3944;320684;1139203
765519;POLICY3_CLOUD;TASK_CANCELED;110863;2076734;4566;516978;1854386
766110;POLICY3_CLOUD;TASK_CANCELED;120724;2261463;4972;562964;2019338
767724;POLICY2_MEC;TASK_CONCLUDED;57016;1399866;14664;319303;1232300
768692;POLICY3_CLOUD;TASK_CONCLUDED;84400;1989895;6093;495361;1759727
768944;POLICY3_CLOUD;TASK_CONCLUDED;89361;2106865;6452;524479;1863168
769330;POLICY3_CLOUD;TASK_CONCLUDED;71367;1682647;5152;418875;1488017
769685;POLICY2_MEC;TASK_CONCLUDED;35356;1836538;38478;418907;1588992
770967;POLICY3_CLOUD;TASK_CONCLUDED;56311;1327678;4065;330510;1174107
772089;POLICY3_CLOUD;TASK_CONCLUDED;96942;2285587;6999;568970;2021217
773791;POLICY3_CLOUD;TASK_CONCLUDED;84097;1982770;6072;493587;1753426
774483;POLICY3_CLOUD;TASK_CONCLUDED;99765;2352155;7203;585541;2080086
775295;POLICY3_CLOUD;TASK_CONCLUDED;73146;1724578;5281;429313;1525098
777855;POLICY3_CLOUD;TASK_CONCLUDED;78123;1841925;5640;458525;1628872
778103;POLICY3_CLOUD;TASK_CONCLUDED;93219;2197820;6730;547121;1943601
778233;POLICY3_CLOUD;TASK_CONCLUDED;96445;2273869;6963;566053;2010854
779003;POLICY3_CLOUD;TASK_CONCLUDED;64794;1527666;4678;380294;1350962
785673;POLICY3_CLOUD;TASK_CONCLUDED;93669;2208437;6763;549764;1952991
789342;POLICY3_CLOUD;TASK_CONCLUDED;83148;1557591;3424;387744;1390825
790268;POLICY3_CLOUD;TASK_CONCLUDED;92498;2180821;6678;542889;1928569
790317;POLICY3_CLOUD;TASK_CONCLUDED;85599;2018166;6180;502398;1784728
790458;POLICY3_CLOUD;TASK_CONCLUDED;73649;1379660;3033;343450;1231944
791052;POLICY3_CLOUD;TASK_CANCELED;106694;1998650;4394;497540;1784662
791071;POLICY3_CLOUD;TASK_CONCLUDED;51551;1215454;3722;302573;1074863
792485;POLICY3_CLOUD;TASK_CONCLUDED;79307;1869833;5726;465473;1653552
792599;POLICY3_CLOUD;TASK_CONCLUDED;90951;2144340;6566;533808;1896308
793584;POLICY3_CLOUD;TASK_CONCLUDED;105353;2483889;7606;618335;2196582
794190;POLICY3_CLOUD;TASK_CONCLUDED;104863;2472349;7571;615462;2186377
795771;POLICY3_CLOUD;TASK_CONCLUDED;50705;1195518;3661;297610;1057233
796245;POLICY3_CLOUD;TASK_CANCELED;148388;2779645;6111;691960;2482041
797269;POLICY2_MEC;TASK_CONCLUDED;29115;1512372;31686;344966;1308520
797792;POLICY3_CLOUD;TASK_CONCLUDED;51011;1202718;3683;299402;1063600
797895;POLICY2_MEC;TASK_CONCLUDED;28539;1482448;31059;338140;1282630
798613;POLICY3_CLOUD;TASK_CONCLUDED;93239;2198296;6732;547240;1944023
799171;POLICY3_CLOUD;TASK_CONCLUDED;80413;1895899;5806;471962;1676604
799969;POLICY3_CLOUD;TASK_CONCLUDED;109023;2570411;7871;639873;2273096
804157;POLICY3_CLOUD;TASK_CONCLUDED;73469;1732197;5304;431210;1531836
806350;POLICY3_CLOUD;TASK_CONCLUDED;72164;1701432;5210;423551;1504629
806942;POLICY3_CLOUD;TASK_CONCLUDED;86327;2035342;6233;506674;1799917
807310;POLICY3_CLOUD;TASK_CONCLUDED;61703;1454797;4455;362154;1286522
808197;POLICY3_CLOUD;TASK_CONCLUDED;87355;2059560;6307;512703;1821334
809511;POLICY3_CLOUD;TASK_CONCLUDED;56587;1334197;4085;332132;1179871
812138;POLICY3_CLOUD;TASK_CONCLUDED;94030;2216941;6789;551881;1960512
812724;POLICY3_CLOUD;TASK_CONCLUDED;101290;2388096;7313;594488;2111869
816531;POLICY3_CLOUD;TASK_CONCLUDED;106331;2506959;7677;624078;2216984
816716;POLICY3_CLOUD;TASK_CONCLUDED;91745;2163073;6624;538471;1912874
816742;POLICY3_CLOUD;TASK_CONCLUDED;116386;2744007;8403;683088;2426613
819397;POLICY3_CLOUD;TASK_CONCLUDED;70038;1651298;5056;411071;1460294
820247;POLICY3_CLOUD;TASK_CONCLUDED;64429;1519060;4651;378152;1343352
820532;POLICY3_CLOUD;TASK_CONCLUDED;69596;1640895;5025;408481;1451094
821503;POLICY3_CLOUD;TASK_CONCLUDED;58965;1390260;4257;346089;1229450
822443;POLICY3_CLOUD;TASK_CONCLUDED;104214;2457033;7524;611649;2172832
823648;POLICY3_CLOUD;TASK_CONCLUDED;110270;2599825;7961;647196;2299108
824115;POLICY3_CLOUD;TASK_CONCLUDED;110861;2613753;8004;650663;2311425
824529;POLICY3_CLOUD;TASK_CONCLUDED;82158;1937046;5932;482205;1712991
829171;POLICY3_CLOUD;TASK_CONCLUDED;75864;1788648;5477;445263;1581757
830417;POLICY3_CLOUD;TASK_CONCLUDED;80190;1890647;5789;470654;1671958
830749;POLICY3_CLOUD;TASK_CONCLUDED;88148;2078263;6364;517359;1837873
831979;POLICY3_CLOUD;TASK_CONCLUDED;107732;2539973;7778;632296;2246179
834036;POLICY3_CLOUD;TASK_CANCELED;127600;2390247;5255;595024;2134333
834269;POLICY3_CLOUD;TASK_CONCLUDED;77946;1837745;5627;457485;1625176
834442;POLICY3_CLOUD;TASK_CONCLUDED;61554;1451291;4444;361282;1283422
834966;POLICY3_CLOUD;TASK_CONCLUDED;77869;1458711;3207;363129;1302532
835046;POLICY3_CLOUD;TASK_CONCLUDED;75553;1781329;5455;443441;1575285
838484;POLICY3_CLOUD;TASK_CONCLUDED;100934;2379704;7287;592399;2104447
839374;POLICY3_CLOUD;TASK_CONCLUDED;62810;1480899;4535;368652;1309605
839945;POLICY3_CLOUD;TASK_CONCLUDED;70444;1660879;5086;413456;1468767
840428;POLICY3_CLOUD;TASK_CONCLUDED;65616;1547063;4737;385123;1368116
840943;POLICY3_CLOUD;TASK_CANCELED;125112;2343642;5152;583422;2092718
841836;POLICY3_CLOUD;TASK_CANCELED;141620;2652881;5832;660403;2368849
842290;POLICY3_CLOUD;TASK_CONCLUDED;70859;1670650;5116;415888;1477408
842657;POLICY3_CLOUD;TASK_CONCLUDED;105862;2495898;7643;621324;2207202
844282;POLICY3_CLOUD;TASK_CONCLUDED;107645;2537925;7772;631786;2244368
846392;POLICY3_CLOUD;TASK_CONCLUDED;85508;2016027;6173;501866;1782836
848578;POLICY3_CLOUD;TASK_CONCLUDED;94182;2220531;6800;552775;1963686
852288;POLICY3_CLOUD;TASK_CONCLUDED;75320;1775833;5438;442072;1570425
852887;POLICY3_CLOUD;TASK_CONCLUDED;94105;2218707;6794;552321;1962073
854095;POLICY3_CLOUD;TASK_CONCLUDED;118551;2795051;8559;695795;2471753
858518;POLICY3_CLOUD;TASK_CONCLUDED;116123;2737811;8384;681546;2421134
859987;POLICY3_CLOUD;TASK_CONCLUDED;118235;2787608;8536;693942;2465171
863361;POLICY3_CLOUD;TASK_CONCLUDED;65510;1544557;4730;384499;1365900
866377;POLICY3_CLOUD;TASK_CONCLUDED;83236;1962453;6009;488529;1735459
867241;POLICY3_CLOUD;TASK_CONCLUDED;83928;1978781;6059;492594;1749898
867797;POLICY3_CLOUD;TASK_CONCLUDED;118935;2804091;8587;698045;2479747
868929;POLICY3_CLOUD;TASK_CONCLUDED;117084;2760453;8453;687182;2441157
869778;POLICY3_CLOUD;TASK_CONCLUDED;107902;2543975;7790;633292;2249718
871338;POLICY3_CLOUD;TASK_CONCLUDED;103314;2435827;7459;606370;2154079
872362;POLICY3_CLOUD;TASK_CONCLUDED;109584;2583630;7912;643164;2284786
873893;POLICY3_CLOUD;TASK_CONCLUDED;117603;2772704;8491;690232;2451991
874194;POLICY3_CLOUD;TASK_CONCLUDED;96171;2267426;6943;564449;2005157
881466;POLICY3_CLOUD;TASK_CONCLUDED;112628;2655416;8132;661034;2348269
881918;POLICY3_CLOUD;TASK_CONCLUDED;87241;2056875;6299;512035;1818960
882583;POLICY3_CLOUD;TASK_CONCLUDED;120152;2832800;8675;705192;2505136
882927;POLICY3_CLOUD;TASK_CONCLUDED;72184;1701911;5211;423670;1505053
883997;POLICY3_CLOUD;TASK_CONCLUDED;80364;1894740;5802;471673;1675578
885237;POLICY3_CLOUD;TASK_CONCLUDED;85088;2006116;6143;499399;1774071
886668;POLICY3_CLOUD;TASK_CONCLUDED;125417;2956923;9055;736091;2614902
888239;POLICY3_CLOUD;TASK_CONCLUDED;88186;2079170;6367;517585;1838676
889405;POLICY3_CLOUD;TASK_CONCLUDED;99137;1857102;4083;462303;1658269
892071;POLICY3_CLOUD;TASK_CONCLUDED;118662;2797661;8567;696445;2474061
892687;POLICY3_CLOUD;TASK_CONCLUDED;103386;2437521;7464;606792;2155577
893671;POLICY3_CLOUD;TASK_CONCLUDED;117644;2773661;8494;690470;2452837
895001;POLICY3_CLOUD;TASK_CONCLUDED;122668;2892117;8856;719958;2557591
897135;POLICY3_CLOUD;TASK_CONCLUDED;76159;1795610;5498;446996;1587914
897665;POLICY3_CLOUD;TASK_CANCELED;117696;2204738;4847;548843;1968685
900409;POLICY3_CLOUD;TASK_CONCLUDED;81920;1931425;5914;480805;1708020
904679;POLICY3_CLOUD;TASK_CONCLUDED;84064;1981989;6069;493393;1752735
905903;POLICY3_CLOUD;TASK_CONCLUDED;79792;1881257;5761;468316;1663654
907167;POLICY3_CLOUD;TASK_CONCLUDED;126243;2976385;9115;740936;2632113
908227;POLICY3_CLOUD;TASK_CANCELED;114700;2148617;4724;534873;1918574
909479;POLICY3_CLOUD;TASK_CONCLUDED;90890;2142904;6562;533451;1895038
911390;POLICY2_MEC;TASK_CONCLUDED;35685;1853658;38837;422812;1603805
915416;POLICY3_CLOUD;TASK_CONCLUDED;119419;2815502;8622;700886;2489838
915598;POLICY3_CLOUD;TASK_CONCLUDED;87784;2069692;6338;515225;1830294
915880;POLICY3_CLOUD;TASK_CONCLUDED;113059;2665575;8163;663563;2357253
916585;POLICY3_CLOUD;TASK_CONCLUDED;115274;2717796;8323;676563;2403434
918751;POLICY3_CLOUD;TASK_CANCELED;126633;2372144;5215;590517;2118169
919338;POLICY3_CLOUD;TASK_CONCLUDED;75318;1775786;5438;442061;1570384
922560;POLICY3_CLOUD;TASK_CONCLUDED;93467;2203657;6748;548574;1948764
922767;POLICY3_CLOUD;TASK_CONCLUDED;108323;2553901;7821;635763;2258496
925709;POLICY3_CLOUD;TASK_CONCLUDED;72304;1704719;5220;424369;1507536
926288;POLICY3_CLOUD;TASK_CONCLUDED;106774;2517387;7709;626674;2226206
928558;POLICY3_CLOUD;TASK_CONCLUDED;77433;1825662;5590;454477;1614490
932414;POLICY3_CLOUD;TASK_CONCLUDED;133708;3152378;9654;784747;2787749
933520;POLICY3_CLOUD;TASK_CONCLUDED;74785;1763227;5399;438934;1559277
934753;POLICY3_CLOUD;TASK_CONCLUDED;111691;2633314;8064;655532;2328723
934875;POLICY3_CLOUD;TASK_CONCLUDED;78639;1854094;5677;461555;1639634
939817;POLICY3_CLOUD;TASK_CONCLUDED;76203;1796655;5502;447256;1588839
941639;POLICY3_CLOUD;TASK_CONCLUDED;137230;3235415;9908;805418;2861182
942301;POLICY3_CLOUD;TASK_CONCLUDED;99734;2351423;7201;585359;2079438
943136;POLICY3_CLOUD;TASK_CONCLUDED;132911;3133597;9596;780072;2771140
946788;POLICY3_CLOUD;TASK_CONCLUDED;134014;3159598;9676;786544;2794134
949023;POLICY3_CLOUD;TASK_CONCLUDED;106921;2520851;7719;627536;2229268
950211;POLICY3_CLOUD;TASK_CONCLUDED;86076;2029415;6214;505199;1794676
950451;POLICY3_CLOUD;TASK_CANCELED;175887;3294746;7244;820188;2941993
950851;POLICY3_CLOUD;TASK_CONCLUDED;101940;2403424;7360;598304;2125424
952965;POLICY3_CLOUD;TASK_CONCLUDED;110751;2611146;7996;650014;2309119
954871;POLICY3_CLOUD;TASK_CONCLUDED;88485;2086209;6388;519337;1844901
957712;POLICY3_CLOUD;TASK_CONCLUDED;96431;2273552;6962;565974;2010574
959416;POLICY3_CLOUD;TASK_CONCLUDED;121694;2869138;8786;714238;2537271
959579;POLICY3_CLOUD;TASK_CONCLUDED;122490;2887902;8844;718909;2553864
963005;POLICY3_CLOUD;TASK_CONCLUDED;109753;2587621;7924;644158;2288316
963682;POLICY3_CLOUD;TASK_CONCLUDED;106800;2517996;7711;626825;2226744
963867;POLICY3_CLOUD;TASK_CONCLUDED;110962;2616123;8011;651253;2313521
963951;POLICY3_CLOUD;TASK_CONCLUDED;137789;3248597;9948;808700;2872838
964047;POLICY3_CLOUD;TASK_CONCLUDED;100626;2372459;7265;590595;2098040
968011;POLICY3_CLOUD;TASK_CONCLUDED;87997;2074698;6353;516471;1834721
970016;POLICY3_CLOUD;TASK_CONCLUDED;90604;2136179;6541;531776;1889090
972526;POLICY3_CLOUD;TASK_CONCLUDED;97212;2291948;7018;570553;2026842
973193;POLICY3_CLOUD;TASK_CONCLUDED;109224;2575158;7886;641055;2277295
975631;POLICY3_CLOUD;TASK_CONCLUDED;101277;2387784;7312;594410;2111593
976270;POLICY3_CLOUD;TASK_CONCLUDED;92109;2171651;6650;540607;1920460
976525;POLICY3_CLOUD;TASK_CONCLUDED;104868;2472447;7571;615486;2186463
978930;POLICY3_CLOUD;TASK_CONCLUDED;89815;2117565;6484;527143;1872630
980425;POLICY3_CLOUD;TASK_CONCLUDED;85039;2004976;6140;499115;1773063
982156;POLICY3_CLOUD;TASK_CONCLUDED;105201;2480317;7595;617445;2193423
982540;POLICY3_CLOUD;TASK_CONCLUDED;122669;2892136;8857;719963;2557608
993037;POLICY3_CLOUD;TASK_CONCLUDED;83987;1980164;6064;492938;1751122
993857;POLICY3_CLOUD;TASK_CONCLUDED;111427;2627103;8045;653986;2323231
994768;POLICY3_CLOUD;TASK_CONCLUDED;128886;3038705;9305;756450;2687224
998212;POLICY3_CLOUD;TASK_CONCLUDED;123647;2915187;8927;725701;2577993
1001622;POLICY3_CLOUD;TASK_CONCLUDED;140062;3302200;10112;822044;2920241
1002426;POLICY3_CLOUD;TASK_CONCLUDED;85926;2025872;6204;504317;1791543
1003990;POLICY3_CLOUD;TASK_CONCLUDED;106435;2509399;7684;624685;2219141
1004534;POLICY3_CLOUD;TASK_CONCLUDED;90734;2139227;6551;532535;1891786
1005625;POLICY3_CLOUD;TASK_CONCLUDED;118215;2787118;8535;693820;2464738
1005737;POLICY3_CLOUD;TASK_CONCLUDED;132013;3112430;9531;774803;2752422
1006446;POLICY3_CLOUD;TASK_CONCLUDED;101297;2388265;7313;594530;2112019
1009526;POLICY3_CLOUD;TASK_CONCLUDED;121984;2875988;8807;715943;2543328
1011116;POLICY3_CLOUD;TASK_CONCLUDED;130219;3070119;9402;764270;2715005
1014032;POLICY3_CLOUD;TASK_CONCLUDED;112748;2658244;8140;661738;2350770
1015674;POLICY3_CLOUD;TASK_CONCLUDED;112134;2643771;8096;658135;2337971
1016499;POLICY3_CLOUD;TASK_CONCLUDED;136955;3228949;9888;803809;2855464
1019450;POLICY3_CLOUD;TASK_CONCLUDED;92568;2182476;6683;543301;1930032
1025144;POLICY3_CLOUD;TASK_CONCLUDED;143236;3377025;10342;840670;2986412
1027047;POLICY3_CLOUD;TASK_CONCLUDED;121376;2861659;8763;712376;2530656
1029445;POLICY3_CLOUD;TASK_CONCLUDED;147396;3475091;10642;865083;3073135
1030856;POLICY3_CLOUD;TASK_CONCLUDED;111996;2640504;8086;657322;2335082
1030919;POLICY3_CLOUD;TASK_CONCLUDED;130241;3070641;9403;764400;2715466
1031693;POLICY3_CLOUD;TASK_CONCLUDED;143615;3385952;10369;842893;2994306
1033179;POLICY3_CLOUD;TASK_CONCLUDED;97572;2300441;7044;572667;2034352
1033976;POLICY3_CLOUD;TASK_CONCLUDED;132460;3122965;9563;777425;2761738
1034966;POLICY3_CLOUD;TASK_CONCLUDED;148282;3495994;10706;870286;3091620
1036567;POLICY3_CLOUD;TASK_CONCLUDED;102712;2421638;7416;602838;2141531
1037709;POLICY3_CLOUD;TASK_CONCLUDED;144769;3413168;10452;849668;3018374
1037752;POLICY3_CLOUD;TASK_CONCLUDED;148203;3494122;10700;869820;3089964
1037977;POLICY3_CLOUD;TASK_CANCELED;164903;3089005;6791;768971;2758279
1039494;POLICY3_CLOUD;TASK_CONCLUDED;107162;2526551;7737;628955;2234309
1048047;POLICY3_CLOUD;TASK_CONCLUDED;121022;2853302;8738;710296;2523266
1049088;POLICY3_CLOUD;TASK_CONCLUDED;142138;3351126;10262;834223;2963508
1049283;POLICY3_CLOUD;TASK_CANCELED;164461;3080719;6773;766909;2750881
1050687;POLICY3_CLOUD;TASK_CONCLUDED;131090;3090660;9465;769383;2733170
1051424;POLICY3_CLOUD;TASK_CONCLUDED;98098;2312838;7082;575754;2045316
1053814;POLICY3_CLOUD;TASK_CANCELED;153061;2867192;6304;713753;2560214
1055214;POLICY3_CLOUD;TASK_CONCLUDED;97221;2292161;7019;570606;2027031
1055858;POLICY3_CLOUD;TASK_CONCLUDED;105204;2480369;7595;617458;2193469
1056237;POLICY3_CLOUD;TASK_CONCLUDED;111378;2625939;8041;653696;2322201
1058573;POLICY3_CLOUD;TASK_CONCLUDED;147927;3487605;10680;868198;3084201
1062957;POLICY3_CLOUD;TASK_CONCLUDED;132594;3126133;9573;778214;2764539
1063148;POLICY3_CLOUD;TASK_CANCELED;160598;3008357;6614;748895;2686266
1065036;POLICY3_CLOUD;TASK_CONCLUDED;112824;2660028;8146;662183;2352348
1065040;POLICY3_CLOUD;TASK_CONCLUDED;134053;3160520;9678;786774;2794949
1065616;POLICY3_CLOUD;TASK_CONCLUDED;146620;3456802;10586;860530;3056961
1071850;POLICY3_CLOUD;TASK_CONCLUDED;103401;2437861;7465;606876;2155877
1071871;POLICY3_CLOUD;TASK_CONCLUDED;128818;3037094;9300;756049;2685800
1071921;POLICY3_CLOUD;TASK_CONCLUDED;137412;3239708;9921;806487;2864978
1073512;POLICY3_CLOUD;TASK_CONCLUDED;131196;3093175;9472;770009;2735393
1077582;POLICY3_CLOUD;TASK_CONCLUDED;112137;2643842;8096;658153;2338034
1077650;POLICY3_CLOUD;TASK_CANCELED;152079;2848788;6263;709172;2543781
1078647;POLICY3_CLOUD;TASK_CONCLUDED;131947;3110869;9526;774414;2751041
1083377;POLICY3_CLOUD;TASK_CONCLUDED;141695;3340687;10230;831625;2954277
1084393;POLICY3_CLOUD;TASK_CONCLUDED;140343;3308820;10133;823692;2926096
1085355;POLICY3_CLOUD;TASK_CONCLUDED;138196;3258200;9978;811090;2881331
1087786;POLICY3_CLOUD;TASK_CONCLUDED;142870;3368392;10315;838521;2978777
1088550;POLICY3_CLOUD;TASK_CONCLUDED;102690;2421104;7414;602705;2141059
1096338;POLICY3_CLOUD;TASK_CONCLUDED;107588;2536589;7768;631454;2243187
1097178;POLICY3_CLOUD;TASK_CANCELED;158323;2965754;6520;738289;2648224
1103961;POLICY3_CLOUD;TASK_CONCLUDED;134522;3171572;9712;789525;2804723
1107092;POLICY3_CLOUD;TASK_CONCLUDED;141659;3339851;10228;831416;2953537
1110917;POLICY3_CLOUD;TASK_CONCLUDED;132059;3113505;9534;775070;2753372
1112250;POLICY3_CLOUD;TASK_CONCLUDED;112891;2661614;8151;662577;2353750
1112777;POLICY3_CLOUD;TASK_CONCLUDED;144536;3407658;10435;848296;3013502
1113547;POLICY3_CLOUD;TASK_CONCLUDED;144129;3398068;10406;845909;3005020
1114890;POLICY3_CLOUD;TASK_CONCLUDED;142422;3357825;10283;835891;2969432
1116177;POLICY3_CLOUD;TASK_CONCLUDED;113109;2666754;8166;663857;2358296
1117094;POLICY3_CLOUD;TASK_CONCLUDED;124875;2944136;9016;732908;2603593
1117265;POLICY3_CLOUD;TASK_CONCLUDED;108669;2562075;7846;637798;2265724
1120852;POLICY3_CLOUD;TASK_CONCLUDED;138813;3272740;10022;814710;2894189
1121148;POLICY3_CLOUD;TASK_CONCLUDED;114980;2710851;8301;674834;2397292
1122519;POLICY3_CLOUD;TASK_CONCLUDED;120813;2848384;8723;709072;2518918
1125388;POLICY3_CLOUD;TASK_CONCLUDED;132393;3121382;9559;777031;2760338
1126891;POLICY3_CLOUD;TASK_CANCELED;135570;2539547;5583;632190;2267648
1126971;POLICY3_CLOUD;TASK_CONCLUDED;127624;3008942;9214;749041;2660904
1131192;POLICY3_CLOUD;TASK_CONCLUDED;144395;3404352;10425;847473;3010578
1132069;POLICY3_CLOUD;TASK_CONCLUDED;125067;2948668;9030;734036;2607601
1133485;POLICY3_CLOUD;TASK_CONCLUDED;132772;3130327;9586;779258;2768249
1134067;POLICY3_CLOUD;TASK_CONCLUDED;144156;3398717;10408;846070;3005594
1138762;POLICY3_CLOUD;TASK_CONCLUDED;114710;2704481;8282;673248;2391659
1138865;POLICY3_CLOUD;TASK_CONCLUDED;113043;2665184;8161;663466;2356907
1140138;POLICY3_CLOUD;TASK_CANCELED;155706;2916736;6412;726087;2604454
1141666;POLICY3_CLOUD;TASK_CONCLUDED;136328;3214146;9843;800124;2842373
1143185;POLICY3_CLOUD;TASK_CONCLUDED;110107;2595960;7949;646233;2295690
1146943;POLICY3_CLOUD;TASK_CANCELED;163963;3071402;6753;764589;2742561
1148273;POLICY3_CLOUD;TASK_CANCELED;145834;2731812;6006;680052;2439329
1149596;POLICY3_CLOUD;TASK_CONCLUDED;123849;2919948;8942;726886;2582203
1151458;POLICY3_CLOUD;TASK_CONCLUDED;129553;3054432;9354;760365;2701132
1152405;POLICY3_CLOUD;TASK_CONCLUDED;144396;3404379;10425;847480;3010602
1153520;POLICY3_CLOUD;TASK_CONCLUDED;124756;2941347;9007;732213;2601127
1154403;POLICY3_CLOUD;TASK_CONCLUDED;129153;3045011;9325;758019;2692801
1157212;POLICY3_CLOUD;TASK_CONCLUDED;143402;3380929;10353;841642;2989864
1157221;POLICY3_CLOUD;TASK_CONCLUDED;135185;3187198;9760;793415;2818542
1170008;POLICY3_CLOUD;TASK_CONCLUDED;131422;3098492;9488;771333;2740095
1171341;POLICY3_CLOUD;TASK_CONCLUDED;133330;3143479;9626;782532;2779880
1177821;POLICY3_CLOUD;TASK_CONCLUDED;146944;3464449;10609;862434;3063724
1194810;POLICY3_CLOUD;TASK_CONCLUDED;142699;3364367;10303;837519;2975218
1199305;POLICY3_CLOUD;TASK_CONCLUDED;133539;3148395;9641;783756;2784227
1199396;POLICY3_CLOUD;TASK_CONCLUDED;139043;3278176;10039;816063;2898997
1200792;POLICY3_CLOUD;TASK_CONCLUDED;145217;3423718;10485;852294;3027704
1202389;POLICY3_CLOUD;TASK_CONCLUDED;125967;2969895;9095;739320;2626374
1203720;POLICY3_CLOUD;TASK_CANCELED;149977;2809414;6176;699370;2508623
1211123;POLICY3_CLOUD;TASK_CONCLUDED;148169;3493319;10698;869620;3089254
1212135;POLICY3_CLOUD;TASK_CANCELED;174948;3277168;7205;815812;2926297
1215275;POLICY3_CLOUD;TASK_CONCLUDED;129312;3048755;9336;758951;2696111
1223389;POLICY3_CLOUD;TASK_CONCLUDED;129545;3054238;9353;760316;2700960
1227725;POLICY3_CLOUD;TASK_CONCLUDED;123533;2912508;8919;725034;2575624
1228434;POLICY3_CLOUD;TASK_CONCLUDED;124935;2945567;9020;733264;2604859
1232252;POLICY3_CLOUD;TASK_CONCLUDED;130735;3082293;9439;767300;2725770
1249111;POLICY3_CLOUD;TASK_CONCLUDED;138666;3269279;10012;813848;2891128
1250918;POLICY3_CLOUD;TASK_CONCLUDED;127393;3003513;9198;747689;2656103
1252202;POLICY3_CLOUD;TASK_CONCLUDED;136881;3227184;9883;803369;2853903
1252527;POLICY3_CLOUD;TASK_CANCELED;170089;3186144;7005;793153;2845018
1252893;POLICY3_CLOUD;TASK_CONCLUDED;144206;3399885;10412;846361;3006628
1256999;POLICY3_CLOUD;TASK_CONCLUDED;142405;3357434;10282;835794;2969087
1260687;POLICY3_CLOUD;TASK_CONCLUDED;131537;3101200;9497;772007;2742491
1265929;POLICY3_CLOUD;TASK_CONCLUDED;129765;3059416;9369;761605;2705539
1280275;POLICY3_CLOUD;TASK_CONCLUDED;137867;3250432;9954;809156;2874461
1341170;POLICY3_CLOUD;TASK_CONCLUDED;144997;3418545;10469;851006;3023129
1343955;POLICY3_CLOUD;TASK_CANCELED;184586;3457692;7602;860752;3087493
1354317;POLICY3_CLOUD;TASK_CONCLUDED;148184;3493674;10699;869709;3089569
1390552;POLICY1_IOT;TASK_CONCLUDED;361950;0;1285335;0;546627
1400101;POLICY1_IOT;TASK_CONCLUDED;365319;0;1297299;0;551715
1401000;POLICY1_IOT;TASK_CONCLUDED;372223;0;1321817;0;562142
1408399;POLICY1_IOT;TASK_CONCLUDED;374756;0;1330810;0;565966
1409547;POLICY1_IOT;TASK_CONCLUDED;376115;0;1335638;0;568020
1414724;POLICY1_IOT;TASK_CONCLUDED;379998;0;1349428;0;573884
1419735;POLICY1_IOT;TASK_CONCLUDED;383602;0;1362226;0;579327
1459805;POLICY1_IOT;TASK_CONCLUDED;386565;0;1372746;0;583801
1465634;POLICY1_IOT;TASK_CONCLUDED;392082;0;1392340;0;592134
1477550;POLICY1_IOT;TASK_CONCLUDED;393992;0;1399119;0;595017
1503292;POLICY1_IOT;TASK_CONCLUDED;406102;0;1442127;0;613307
1510128;POLICY1_IOT;TASK_CONCLUDED;407346;0;1446544;0;615186
1522084;POLICY1_IOT;TASK_CONCLUDED;414611;0;1472343;0;626158
1535096;POLICY1_IOT;TASK_CONCLUDED;407219;0;1446093;0;614994
1574375;POLICY1_IOT;TASK_CONCLUDED;428216;0;1520655;0;646704
1585742;POLICY1_IOT;TASK_CONCLUDED;435744;0;1547389;0;658073
1610843;POLICY1_IOT;TASK_CONCLUDED;443069;0;1573399;0;669135
1634332;POLICY1_IOT;TASK_CONCLUDED;452020;0;1605186;0;682653
1699713;POLICY1_IOT;TASK_CONCLUDED;469677;0;1667887;0;709319
1709036;POLICY1_IOT;TASK_CONCLUDED;454595;0;1614329;0;686541
1795647;POLICY1_IOT;TASK_CONCLUDED;493317;0;1751839;0;745022
1810070;POLICY1_IOT;TASK_CONCLUDED;478364;0;1698737;0;722438
1920229;POLICY1_IOT;TASK_CONCLUDED;524620;0;1862997;0;792295
1925164;POLICY1_IOT;TASK_CONCLUDED;510442;0;1812649;0;770883
1934484;POLICY1_IOT;TASK_CONCLUDED;535824;0;1902785;0;809216
1963269;POLICY1_IOT;TASK_CONCLUDED;532818;0;1892112;0;804677
1970323;POLICY1_IOT;TASK_CONCLUDED;528231;0;1875823;0;797750
1973470;POLICY1_IOT;TASK_CONCLUDED;521575;0;1852184;0;787696
2076442;POLICY1_IOT;TASK_CONCLUDED;561708;0;1994703;0;848307
2176377;POLICY1_IOT;TASK_CONCLUDED;588607;0;2090227;0;888931
2233795;POLICY1_IOT;TASK_CONCLUDED;615113;0;2184352;0;928961
2246708;POLICY1_IOT;TASK_CONCLUDED;616589;0;2189592;0;931189
2352991;POLICY1_IOT;TASK_CONCLUDED;636123;0;2258960;0;960690
2366313;POLICY1_IOT;TASK_CONCLUDED;634730;0;2254013;0;958586
2376887;POLICY1_IOT;TASK_CONCLUDED;654112;0;2322841;0;987857
2383515;POLICY1_IOT;TASK_CONCLUDED;652767;0;2318067;0;985827
2434845;POLICY1_IOT;TASK_CONCLUDED;666365;0;2366354;0;1006363
2452038;POLICY1_IOT;TASK_CONCLUDED;658478;0;2338348;0;994452
2461825;POLICY1_IOT;TASK_CONCLUDED;675146;0;2397538;0;1019624
2463522;POLICY1_IOT;TASK_CONCLUDED;682035;0;2422000;0;1030028
2511158;POLICY1_IOT;TASK_CONCLUDED;699732;0;2484845;0;1056754
2558630;POLICY1_IOT;TASK_CONCLUDED;711835;0;2527825;0;1075033
2569727;POLICY1_IOT;TASK_CONCLUDED;710910;0;2524540;0;1073636
2579696;POLICY1_IOT;TASK_CONCLUDED;711243;0;2525722;0;1074139
2601646;POLICY1_IOT;TASK_CONCLUDED;713575;0;2534003;0;1077660
2640132;POLICY1_IOT;TASK_CONCLUDED;732492;0;2601182;0;1106230
2687048;POLICY1_IOT;TASK_CONCLUDED;727182;0;2582324;0;1098210
2689956;POLICY1_IOT;TASK_CONCLUDED;731011;0;2595921;0;1103993
2698566;POLICY1_IOT;TASK_CONCLUDED;740982;0;2631328;0;1119051
2700295;POLICY1_IOT;TASK_CONCLUDED;728366;0;2586527;0;1099998
2701669;POLICY1_IOT;TASK_CONCLUDED;753679;0;2676418;0;1138227
2751941;POLICY1_IOT;TASK_CONCLUDED;759890;0;2698473;0;1147606
2778236;POLICY1_IOT;TASK_CONCLUDED;763000;0;2709520;0;1152304
2821577;POLICY1_IOT;TASK_CONCLUDED;783630;0;2782779;0;1183460
2865755;POLICY1_IOT;TASK_CONCLUDED;777915;0;2762485;0;1174829
2873683;POLICY1_IOT;TASK_CONCLUDED;793596;0;2818170;0;1198511
2883970;POLICY1_IOT;TASK_CONCLUDED;781987;0;2776944;0;1180978
2898563;POLICY1_IOT;TASK_CONCLUDED;793793;0;2818868;0;1198808
2916191;POLICY1_IOT;TASK_CONCLUDED;806959;0;2865623;0;1218692
2980156;POLICY1_IOT;TASK_CONCLUDED;814096;0;2890969;0;1229471
2991421;POLICY1_IOT;TASK_CONCLUDED;830922;0;2950720;0;1254882
2994972;POLICY1_IOT;TASK_CONCLUDED;830152;0;2947984;0;1253718
3066602;POLICY1_IOT;TASK_CONCLUDED;855474;0;3037906;0;1291960
3071082;POLICY1_IOT;TASK_CONCLUDED;846178;0;3004895;0;1277921
3145883;POLICY1_IOT;TASK_CONCLUDED;866566;0;3077295;0;1308712
3162219;POLICY1_IOT;TASK_CONCLUDED;877909;0;3117578;0;1325843
3164790;POLICY1_IOT;TASK_CONCLUDED;865324;0;3072885;0;1306836
3172948;POLICY1_IOT;TASK_CONCLUDED;866762;0;3077993;0;1309008
3191387;POLICY1_IOT;TASK_CONCLUDED;891865;0;3167135;0;1346919
3219994;POLICY1_IOT;TASK_CONCLUDED;876753;0;3113472;0;1324097
3222139;POLICY1_IOT;TASK_CONCLUDED;873388;0;3101522;0;1319015
3289377;POLICY1_IOT;TASK_CONCLUDED;913854;0;3245223;0;1380128
3300449;POLICY1_IOT;TASK_CONCLUDED;905533;0;3215673;0;1367561
3354618;POLICY1_IOT;TASK_CONCLUDED;924492;0;3282997;0;1396193
3384270;POLICY1_IOT;TASK_CONCLUDED;918823;0;3262867;0;1387632
3400094;POLICY1_IOT;TASK_CONCLUDED;936591;0;3325962;0;1414465
3424509;POLICY1_IOT;TASK_CONCLUDED;937274;0;3328389;0;1415497
3433766;POLICY1_IOT;TASK_CONCLUDED;937492;0;3329163;0;1415826
3445367;POLICY1_IOT;TASK_CONCLUDED;959967;0;3408975;0;1449769
3454478;POLICY1_IOT;TASK_CONCLUDED;953219;0;3385012;0;1439577
3533470;POLICY1_IOT;TASK_CONCLUDED;974795;0;3461631;0;1472162
3557756;POLICY1_IOT;TASK_CONCLUDED;987157;0;3505531;0;1490832
3594225;POLICY1_IOT;TASK_CONCLUDED;999376;0;3548922;0;1509285
3605130;POLICY1_IOT;TASK_CONCLUDED;1004500;0;3567117;0;1517023
3618803;POLICY1_IOT;TASK_CONCLUDED;997887;0;3543633;0;1507036
3640532;POLICY1_IOT;TASK_CONCLUDED;995668;0;3535754;0;1503685
3683709;POLICY1_IOT;TASK_CONCLUDED;1010926;0;3589937;0;1526728
3703997;POLICY1_IOT;TASK_CONCLUDED;1011809;0;3593074;0;1528062
3706330;POLICY1_IOT;TASK_CONCLUDED;1013879;0;3600422;0;1531187
3720022;POLICY1_IOT;TASK_CONCLUDED;1039388;0;3691009;0;1569712
